OPPO			128	6.3	9999000
Samsung_S21 		64	6.3 	7999000
Samsung_Note		256	6.9	10000000
Google_Pixel 		64	6.9	5999000
Xiaomi_Pro 		128	6.3	4499000
Xiaomi_10		128	6.3	3499000
LG_V60  		64	6.3	5399000
OnePlus_8 		256	6.9	6399000
Realme_X3 		256	6.8	7899000
Poco_F2 		512	6.9	12999000
Realme_X50	 	256	6.8	13999000
OPPO_Find_X2		256	7.3	15999000
Galaxy_S10		512	6.9	18899000
Xiaomi_Note10		512	6.8	8999000
Redmi_K30      		256	6.3	6499000
Huawei_P40 		128	7.3	4599000
Huawei_Mate 		128	8.6	6500000
Edge			256	6.7	7699000
LG			128	7.8	6500000
Vsmart			512	6.9	3499000